1.000000000000000056e-01
1.047370897959449404e-01
1.096985797892383457e-01
1.148951000187309196e-01
1.203377840777589552e-01
1.260382929679727537e-01
1.320088400831417874e-01
1.382622173764655737e-01
1.448118227674533853e-01
1.516716888470922842e-01
1.588565129428052836e-01
1.663816886076129042e-01
1.742633386009649898e-01
1.825183494319043420e-01
1.911644075385702246e-01
2.002200371815584523e-01
2.097046401323232889e-01
2.196385372416545800e-01
2.300430119772917947e-01
2.409403560239525011e-01
2.523539170434765944e-01
2.643081486974105387e-01
2.768286630392066128e-01
2.899422853882876461e-01
3.036771118035458406e-01
3.180625692794118997e-01
3.331294787934673263e-01
3.489101213406772817e-01
3.654383070957256119e-01
3.827494478516312304e-01
4.008806328898465443e-01
4.198707084443910054e-01
4.397603609302719874e-01
4.605922041145105728e-01
4.824108704165370187e-01
5.052631065335680960e-01
5.291978735958442481e-01
5.542664520663105332e-01
5.805225516094898452e-01
6.080224261649423978e-01
6.368249944718588074e-01
6.669919663030121626e-01
6.985879746785247368e-01
7.316807143427196403e-01
7.663410868007458632e-01
8.026433522257175879e-01
8.406652885618325355e-01
8.804883581643462298e-01
9.221978823334326947e-01
9.658832241158703535e-01
1.011637979766206952e+00
1.059560179277615921e+00
1.109752496412072187e+00
1.162322468679852339e+00
1.217382727739661386e+00
1.275051240713013456e+00
1.335451562929898861e+00
1.398713102647238582e+00
1.464971398307285622e+00
1.534368408930012473e+00
1.607052818261639260e+00
1.683180353330956613e+00
1.762914118095948002e+00
1.846424942895543486e+00
1.933891750455231096e+00
2.025501939230667681e+00
2.121451784910629801e+00
2.221946860939523649e+00
2.327202478960408438e+00
2.437444150122220599e+00
2.552908068239517991e+00
2.673841615839946506e+00
2.800503894183631104e+00
2.933166278390043846e+00
3.072112998861757482e+00
3.217641750250737065e+00
3.370064329271928116e+00
3.529707302730650031e+00
3.696912707195028513e+00
3.872038781812555008e+00
4.055460735840830111e+00
4.247571552536898665e+00
4.448782831127584991e+00
4.659525668664682208e+00
4.880251583654430902e+00
5.111433483440167791e+00
5.353566677410724672e+00
5.607169938205458060e+00
5.872786613189482807e+00
6.150985788580500824e+00
6.442363508721373755e+00
6.747544053110693163e+00
7.067181273927491070e+00
7.401959996915644879e+00
7.752597488629460187e+00
8.119844993184013759e+00
8.504489341802678126e+00
8.907354638610438968e+00
9.329304026284686913e+00
9.771241535346495866e+00
1.023411402105452694e+01
1.071891319205127502e+01
1.122667773510813660e+01
1.175849554052156876e+01
1.231550603292826196e+01
1.289890261253307990e+01
1.350993521198026492e+01
1.414991297434575834e+01
1.482020705798858629e+01
1.552225357427047925e+01
1.625755666443794922e+01
1.702769172225899652e+01
1.783430876931909381e+01
1.867913599020782911e+01
1.956398343517064831e+01
2.049074689815848060e+01
2.146141197858403515e+01
2.247805833548725118e+01
2.354286414322417897e+01
2.465811075822603726e+01
2.582618760682677461e+01
2.704959730463134449e+01
2.833096101839324277e+01
2.967302408188869478e+01
3.107866187782013867e+01
3.255088599835060137e+01
3.409285069746810848e+01
3.570785964900462517e+01
3.739937302478797676e+01
3.917101490809260866e+01
4.102658105827194390e+01
4.297004704320839608e+01
4.500557675700497384e+01
4.713753134116723942e+01
4.937047852839003781e+01
5.170920242896760755e+01
5.415871378079470588e+01
5.672426068491977702e+01
5.941133984965033932e+01
6.222570836730231036e+01
6.517339604882427295e+01
6.826071834272386241e+01
7.149428986597577307e+01
7.488103857590023438e+01
7.842822061337682271e+01
8.214343584919430441e+01
8.603464416684499838e+01
9.011018251665018397e+01
9.437878277775381264e+01
9.884959046625586154e+01
1.035321843295662632e+02
1.084365968689610895e+02
1.135733358343105124e+02
1.189534067370319548e+02
1.245883364295008136e+02
1.304901978014403028e+02
1.366716356462007411e+02
1.431458937523478596e+02
1.499268432786045651e+02
1.570290124729377510e+02
1.644676177994664386e+02
1.722585965398787380e+02
1.804186409392071653e+02
1.889652339691209590e+02
1.979166867853557505e+02
2.072921779595371845e+02
2.171117945694505238e+02
2.273965752357927386e+02
2.381685551976158308e+02
2.494508135230316554e+02
2.612675225563328922e+02
2.736439997074671737e+02
2.866067616948250247e+02
3.001835813575589214e+02
3.144035471591499800e+02
3.292971255097151584e+02
3.448962260405759821e+02
3.612342699709430462e+02
3.783462617131929164e+02
3.962688638701478112e+02
4.150404757850476472e+02
4.347013158125026280e+02
4.552935074866947502e+02
4.768611697714469528e+02
4.994505115855139934e+02
5.231099308056263908e+02
5.478901179593945017e+02
5.738441648302392650e+02
6.010276782070382069e+02
6.294988990221887661e+02
6.593188271333548300e+02
6.905513520162330678e+02
7.232633896483533817e+02
7.575250258771912968e+02
7.934096665797492278e+02
8.309941949353395785e+02
8.703591361485165407e+02
9.115888299750828310e+02
9.547716114208055842e+02
1.000000000000000000e+03
